Bin 1
sc_plaus
{7;179;169;105;38;160;163;62;129;162;6;65;112;164;124;108;182;37;175;113;174;107;13;176;61;110;57;119;91;161;157;87;36;172;120}.{240;242;244;246}

Bin 2
wc_plaus
{2;168;11;83;167;170;115;178;3;166;125;171;121;35;9;177;81;165;27;28;53;159;55;79;126;58;86;33;80;56;88;109}.{240;242;244;246}

Bin 3
some_kind_of_response_locked
{29-73}.{250;251}

Bin 4
3rd_word_in_medium_constraint
{180;10;188;12;111;32;4;44;181;114;50;29;122;71;89;116;186;45;84;30;99;204}{220}{220}.{220}